test fo 12
time: 2.918800174
time: 2.680858439
time: 2.440228241
